rs3121561_T	rs4075116_C	rs3934834_T	rs3766192_C	rs3766191_T	rs9442371_C	rs9442372_A	rs10907177_G	rs3737728_A	rs10907178_C	rs9442398_A	rs6701114_C	rs9442400_T	rs6687776_T	rs6678318_A	rs11579015_C	rs6671356_C	rs6666280_T	rs4970405_G	rs12726255_G
2	0	2	0	2	0	0	1	0	1	0	0	2	2	0	0	0	2	2	2
1	1	2	1	2	1	1	2	1	2	1	1	2	1	1	1	1	1	1	1
2	0	1	1	1	1	1	1	0	1	0	1	2	1	1	1	1	1	2	1
2	0	1	1	1	1	1	2	0	2	1	2	2	0	2	2	2	0	1	0
2	0	2	0	2	0	0	2	0	2	0	0	0	2	0	0	0	2	2	2
2	0	2	0	2	0	0	2	0	2	0	0	2	2	0	0	0	2	2	2
0	1	1	2	1	2	2	1	1	1	1	2	2	1	1	1	1	1	1	1
2	0	2	0	2	0	0	2	0	2	0	0	0	2	0	1	1	1	1	1
2	0	2	0	2	0	0	2	0	2	0	0	2	1	1	1	1	1	1	1
2	0	2	0	2	0	0	2	0	2	0	0	2	2	0	0	0	2	2	2
2	0	2	0	2	0	0	2	0	2	0	0	1	2	0	0	0	2	2	2
2	0	2	0	2	0	0	2	0	2	0	0	2	2	0	0	0	2	2	2
2	0	2	0	2	0	0	2	0	2	0	0	2	2	0	1	1	1	1	1
1	0	1	1	1	1	1	1	0	1	0	1	2	1	1	1	1	1	2	1
2	0	1	1	1	1	1	2	0	2	1	1	2	1	1	1	1	1	1	1
2	0	2	0	2	0	0	2	0	2	0	0	0	2	0	0	0	2	2	2
2	0	2	0	2	0	0	2	0	2	0	0	1	2	0	0	0	2	2	2
0	1	2	1	2	1	1	2	1	2	1	1	1	2	0	0	0	2	2	2
2	0	2	0	2	0	0	1	0	1	0	0	1	2	0	0	0	2	2	2
1	0	1	1	1	1	1	1	0	1	0	1	2	2	0	0	0	2	2	2
1	1	2	1	2	1	1	2	1	2	1	1	1	2	0	0	0	2	2	2
2	0	2	0	2	0	0	2	0	2	0	0	0	2	0	0	0	2	2	2
1	1	1	1	1	1	1	1	0	1	0	1	1	1	1	1	1	1	1	1
2	0	2	0	2	0	0	2	0	2	0	0	2	2	0	0	0	2	2	2
0	0	0	2	0	2	1	0	0	0	0	2	2	0	2	2	2	0	0	0
2	0	2	0	2	0	0	2	0	2	0	0	1	2	0	0	0	2	2	2
2	0	2	0	2	0	0	2	0	2	0	0	2	2	0	0	0	2	2	2
1	1	2	1	2	1	1	2	1	2	1	1	1	1	1	1	1	1	1	1
1	0	1	1	1	1	1	1	0	1	0	1	2	1	1	1	1	1	1	1
2	0	2	0	2	0	0	2	0	2	0	0	0	2	0	0	0	2	2	2
1	0	1	1	1	1	1	1	0	1	0	1	2	1	1	1	1	1	1	1
2	0	2	0	2	0	0	2	0	2	0	0	1	2	0	0	0	2	2	2
2	0	2	0	2	0	0	2	0	2	0	0	2	2	0	0	0	2	2	2
2	0	2	0	2	0	0	2	0	2	0	0	2	2	0	0	0	2	2	2
2	0	2	0	2	0	0	2	0	2	0	0	2	2	0	0	0	2	2	2
2	0	2	0	2	0	0	2	0	2	0	0	2	2	0	0	0	2	2	2
2	0	2	0	2	0	0	2	0	2	0	0	2	2	0	0	0	2	2	2
1	0	2	0	2	0	0	2	0	2	0	0	2	2	0	0	0	2	2	2
2	0	2	0	2	0	0	2	0	2	0	0	1	2	0	0	0	2	2	2
0	2	2	2	2	2	2	2	2	2	2	2	2	0	2	2	2	0	1	0
2	0	1	1	1	1	1	2	0	2	1	1	1	1	1	1	1	1	2	1
2	0	2	0	2	0	0	2	0	2	0	0	2	2	0	1	1	1	1	1
2	0	2	0	2	0	0	2	0	2	0	0	2	2	0	0	0	2	2	2
2	0	2	0	2	0	0	2	0	2	0	0	0	2	0	0	0	2	2	2
2	0	2	0	2	0	0	2	0	2	0	0	0	2	0	1	1	1	2	1
2	0	2	0	2	0	0	2	0	2	0	0	1	2	0	0	0	2	2	2
1	0	1	1	1	1	1	1	0	1	0	1	2	2	0	0	0	2	2	2
2	0	2	0	2	0	0	1	0	1	0	1	1	1	1	1	1	1	1	1
2	0	2	0	2	0	0	2	0	2	0	0	2	2	0	0	0	2	2	2
1	0	1	1	1	1	1	1	0	1	0	1	2	1	1	1	1	1	1	1
2	0	2	0	2	0	0	2	0	2	0	0	2	2	0	0	0	2	2	2
2	0	2	0	2	1	1	2	1	2	1	1	2	1	1	1	1	1	1	1
2	0	2	0	2	0	0	2	0	2	0	0	1	2	0	0	0	2	2	2
1	0	1	1	1	1	1	1	0	1	0	1	2	1	1	1	1	1	1	1
2	0	1	1	1	1	1	2	0	2	1	1	2	1	1	1	1	1	2	1
2	0	2	0	2	0	0	2	0	2	0	0	1	2	0	0	0	2	2	2
1	1	1	2	1	2	2	1	1	1	1	2	1	0	2	2	2	0	0	0
2	0	2	0	2	0	0	2	0	2	0	0	2	2	0	0	0	2	2	2
2	1	2	1	2	1	1	2	1	2	1	1	0	2	0	0	0	2	2	2
2	0	2	0	2	0	0	2	0	2	0	0	1	2	0	0	0	2	2	2
0	0	0	2	0	2	2	0	0	0	0	2	2	0	2	2	2	0	0	0
1	1	2	1	2	1	1	2	1	2	1	1	1	2	0	0	0	2	2	2
2	0	2	0	2	0	0	2	0	2	0	0	2	2	0	0	0	2	2	2
2	0	2	0	2	0	0	2	0	2	0	0	2	2	0	0	0	2	2	2
2	0	2	0	2	0	0	2	0	2	0	0	2	2	0	0	0	2	2	2
2	0	2	0	2	0	0	2	0	2	0	0	2	2	0	0	0	2	2	2
2	0	2	0	2	0	0	2	0	2	0	0	0	2	0	0	0	2	2	2
2	0	2	0	2	0	0	2	0	2	0	0	2	1	1	1	1	1	1	1
2	0	2	0	2	0	0	2	0	2	0	0	1	2	0	0	0	2	2	2
0	1	1	2	1	2	2	1	1	1	1	2	1	0	2	2	2	0	0	0
2	0	1	1	1	1	1	2	0	2	1	1	2	1	1	1	1	1	2	1
2	0	2	0	2	0	0	2	0	2	0	0	1	2	0	0	0	2	2	2
1	0	1	1	1	1	1	1	0	1	0	1	2	1	1	1	1	1	1	1
1	1	2	1	2	1	1	2	1	2	1	1	0	2	0	0	0	2	2	2
2	0	2	0	2	0	0	2	0	2	0	0	2	2	0	0	0	2	2	2
2	0	2	0	2	0	0	2	0	2	0	0	0	1	1	1	1	1	1	1
2	0	2	0	2	0	0	2	0	2	0	0	2	2	0	0	0	2	2	2
2	0	2	0	2	0	0	2	0	2	0	0	1	2	0	0	0	2	2	2
2	0	2	0	2	0	0	2	0	2	0	0	2	2	0	0	0	2	2	2
2	0	2	0	2	0	0	2	0	2	0	0	2	2	0	0	0	2	2	2
1	0	1	1	1	1	1	1	0	1	0	1	2	1	1	1	1	1	1	1
1	1	1	2	1	2	2	2	1	2	2	2	2	1	1	1	1	1	2	1
2	0	2	0	2	0	0	2	0	2	0	0	1	2	0	0	0	2	2	2
2	0	2	0	2	0	0	2	0	2	0	0	1	2	0	1	1	1	1	1
2	0	2	0	2	0	0	2	0	2	0	0	1	2	0	0	0	2	2	2
2	0	2	0	2	0	0	2	0	2	0	0	1	2	0	0	0	2	2	2
2	0	2	0	2	0	0	2	0	2	0	0	2	1	1	1	1	1	1	1
2	0	2	0	2	0	0	2	0	2	0	0	2	2	0	0	0	2	2	2
2	0	2	0	2	0	0	2	0	2	0	0	2	2	0	0	0	2	2	2
2	0	2	0	2	0	0	2	0	2	0	0	2	2	0	0	0	2	2	2
2	0	2	0	2	0	0	2	0	2	0	0	1	2	0	0	0	2	2	2
1	1	2	1	2	1	1	2	1	2	1	1	1	2	0	0	0	2	2	2
2	0	2	0	2	0	0	2	0	2	0	0	1	2	0	0	0	2	2	2
2	0	2	0	2	0	0	2	0	2	0	0	1	2	0	0	0	2	2	2
1	0	1	1	1	1	1	1	0	1	0	1	2	1	1	1	1	1	1	1
2	0	2	0	2	0	0	2	0	2	0	0	1	2	0	0	0	2	2	2
1	2	2	2	2	2	2	2	2	2	2	2	1	1	1	1	1	1	2	1
2	0	2	0	2	0	0	2	0	2	0	0	2	2	0	0	0	2	2	2
2	0	2	0	2	0	0	2	0	2	0	0	2	2	0	1	1	1	2	1
2	0	2	0	2	0	0	2	0	2	0	0	2	2	0	0	0	2	2	2
2	1	2	1	2	1	1	2	1	2	1	1	2	1	1	0	0	2	2	2
1	0	1	1	1	1	1	1	0	1	0	1	2	1	1	1	1	1	1	1
2	0	2	0	2	0	0	2	0	1	0	1	1	2	0	0	0	2	2	2
2	0	2	0	2	0	0	2	0	2	0	0	2	2	0	0	0	2	2	2
0	0	0	2	0	2	2	0	0	0	0	2	2	1	1	1	1	1	1	1
1	0	1	1	1	1	1	1	0	1	0	1	1	1	1	1	1	1	1	1
2	0	2	0	2	0	0	2	0	2	0	0	2	2	0	0	0	2	2	2
1	0	1	1	1	1	1	0	0	0	0	1	2	2	0	0	0	2	2	2
1	0	1	1	1	1	1	1	0	1	0	1	2	1	1	1	1	1	1	1
2	0	2	0	2	0	0	2	0	2	0	0	2	2	0	0	0	2	2	2
1	2	2	2	2	2	2	2	2	2	2	2	1	0	2	2	2	0	0	0
2	0	2	0	2	0	0	2	0	2	0	0	2	2	0	0	0	2	2	2
1	0	1	1	1	1	1	1	0	1	0	1	2	1	1	1	1	1	1	1
2	0	2	0	2	0	0	2	0	2	0	0	1	2	0	0	0	2	2	2
2	1	2	1	2	1	1	2	1	2	1	1	0	2	0	0	0	2	2	2
2	0	2	0	2	0	0	2	0	2	0	0	1	2	0	0	0	2	2	2
2	0	2	0	2	0	0	2	0	2	0	0	0	2	0	0	0	2	2	2
1	1	2	1	2	1	1	2	1	2	1	1	2	1	1	1	1	1	1	1
1	0	0	2	0	2	2	0	0	0	0	2	2	1	1	1	1	1	1	1
2	0	2	0	2	0	0	2	0	2	0	1	2	2	0	0	0	2	2	2
2	0	2	0	2	0	0	2	0	2	0	0	2	2	0	0	0	2	2	2
2	0	2	0	2	0	0	2	0	2	0	0	2	2	0	0	0	2	2	2
2	1	1	2	1	2	2	1	1	1	1	2	1	2	0	0	0	2	2	2
2	0	2	0	2	0	0	2	0	2	0	0	2	2	0	0	0	2	2	2
2	0	2	0	2	0	0	2	0	2	0	0	1	2	0	1	1	1	2	1
2	0	2	0	2	0	0	2	0	2	0	0	2	1	1	1	1	1	1	1
2	0	2	0	2	0	0	2	0	2	0	0	2	2	0	0	0	2	2	2
2	0	2	0	2	0	0	2	0	2	0	0	2	2	0	0	0	2	2	2
2	0	2	0	2	0	0	2	0	2	0	0	2	2	0	0	0	2	2	2
1	1	2	1	2	1	1	2	1	2	1	1	1	1	1	1	1	1	2	1
2	0	2	1	2	0	0	2	0	2	0	0	1	1	1	1	1	1	1	1
2	0	2	0	2	0	0	2	0	2	0	0	2	2	0	0	0	2	2	2
2	0	2	0	2	0	0	1	0	1	0	0	2	2	0	0	0	2	2	2
2	0	2	0	2	0	0	2	0	2	0	1	2	1	1	1	1	1	1	1
2	0	1	1	1	1	1	2	0	2	1	1	2	2	0	0	0	2	2	2
2	1	1	2	1	2	2	1	0	1	1	2	1	2	0	0	0	2	2	2
2	0	1	1	2	1	1	2	1	2	1	1	1	1	1	1	1	1	1	1
2	0	2	0	2	0	0	2	0	2	0	0	2	2	0	0	0	2	2	2
2	0	2	0	2	0	0	2	0	2	0	0	1	2	0	0	0	2	2	2
2	0	2	0	2	0	0	2	0	2	0	0	1	2	0	1	1	1	1	1
2	0	2	0	2	0	0	2	0	2	0	0	2	2	0	0	0	2	2	2
2	0	2	0	2	0	0	1	0	1	0	1	1	1	1	1	1	1	1	1
2	0	2	0	2	0	0	1	0	1	0	0	2	2	0	0	0	2	2	2
2	0	1	1	1	1	1	1	0	1	0	1	2	2	0	0	0	2	2	2
1	0	1	1	1	1	1	0	0	0	0	2	2	0	2	2	2	0	0	0
2	0	2	0	2	0	0	2	0	2	0	1	2	2	0	0	0	2	2	2
1	1	2	1	2	1	1	2	1	2	1	1	1	1	1	1	1	1	1	1
2	0	2	0	2	0	0	2	0	2	0	0	2	2	0	0	0	2	2	2
2	0	1	1	1	1	1	2	0	2	1	1	2	1	1	1	1	1	1	1
2	0	2	0	2	0	0	2	0	2	0	0	1	2	0	0	0	2	2	2
1	1	2	1	2	1	1	2	1	2	1	1	1	2	0	0	0	2	2	2
2	0	2	0	2	0	0	2	0	2	0	0	1	2	0	0	0	2	2	2
2	0	2	0	2	0	0	1	0	1	0	0	1	2	0	0	0	2	2	2
2	0	2	0	2	0	0	2	0	2	0	0	2	2	0	0	0	2	2	2
1	0	1	1	1	1	1	1	0	1	0	1	2	1	1	1	1	1	1	1
1	0	1	1	1	1	1	1	0	1	0	1	2	1	1	1	1	1	1	1
2	0	2	0	2	0	0	2	0	2	0	0	1	2	0	0	0	2	2	2
1	0	1	1	1	1	1	1	0	1	0	1	1	1	1	1	1	1	1	1
2	0	2	0	2	0	0	2	0	2	0	0	2	2	0	0	0	2	2	2
2	0	2	0	2	0	0	2	0	2	0	0	2	2	0	0	0	2	2	2
1	1	2	1	2	1	1	2	1	2	1	1	2	1	1	1	1	1	1	1
1	1	2	1	2	1	1	2	1	2	1	1	2	1	1	1	1	1	1	1
2	0	1	1	1	1	1	1	0	1	0	1	1	2	0	0	0	2	2	2
2	0	2	0	2	0	0	2	0	2	0	0	2	2	0	1	1	1	2	1
2	0	2	0	2	0	0	2	0	2	0	0	2	2	0	0	0	2	2	2
2	0	2	0	2	0	0	2	0	2	0	0	2	2	0	0	0	2	2	2
2	0	2	0	2	0	0	2	0	2	0	0	2	2	0	0	0	2	2	2
2	0	2	0	2	0	0	2	0	2	0	0	2	2	0	0	0	2	2	2
1	0	2	0	2	0	0	2	0	2	0	0	2	2	0	0	0	2	2	2
2	0	2	0	2	0	0	2	0	2	0	0	2	2	0	0	0	2	2	2
2	0	2	0	2	0	0	2	0	2	0	0	2	2	0	0	0	2	2	2
1	1	2	1	2	1	1	2	1	2	1	1	1	2	0	0	0	2	2	2
1	0	1	1	1	1	1	1	0	1	0	1	1	1	1	0	0	2	2	2
2	0	2	0	2	0	0	2	0	2	0	0	1	2	0	1	1	1	1	1
2	0	2	0	2	0	0	2	0	2	0	0	1	2	0	0	0	2	2	2
2	0	2	0	2	0	0	2	0	2	0	0	2	2	0	0	0	2	2	2
2	0	2	0	2	0	0	2	0	2	0	0	1	2	0	1	1	1	2	1
2	0	2	0	2	0	0	2	0	2	0	0	1	2	0	0	0	2	2	2
1	0	2	0	2	0	0	2	0	2	0	0	2	2	0	0	0	2	2	2
2	0	2	0	2	0	0	2	0	2	0	1	2	2	0	0	0	2	2	2
2	0	1	1	1	1	1	2	0	2	1	1	2	1	1	1	1	1	2	1
2	0	2	0	2	0	0	2	0	2	0	0	2	2	0	0	0	2	2	2
2	0	2	0	2	0	0	2	0	2	0	0	1	2	0	0	0	2	2	2
1	1	2	1	2	1	1	2	1	2	1	1	2	1	1	1	1	1	1	1
2	0	2	0	2	0	0	2	0	2	0	0	2	2	0	0	0	2	2	2
2	0	2	0	2	0	0	2	0	2	0	0	2	2	0	0	0	2	2	2
1	0	2	0	2	0	0	2	0	2	0	0	2	2	0	0	0	2	2	2
2	0	2	0	2	0	0	2	0	2	0	0	2	2	0	0	0	2	2	2
2	0	2	0	2	0	0	2	0	2	0	0	2	2	0	0	0	2	2	2
2	0	2	0	2	0	0	2	0	2	0	0	0	2	0	0	0	2	2	2
1	2	1	2	1	2	2	1	1	1	1	2	2	1	1	1	1	1	1	1
1	1	2	1	2	1	1	2	1	2	1	1	0	1	1	1	1	1	1	1
2	0	1	1	1	1	1	1	0	1	0	1	2	2	0	0	0	2	2	2
1	0	1	1	1	1	1	1	0	1	0	1	1	1	1	1	1	1	1	1
2	0	2	0	2	0	0	2	0	2	0	0	2	2	0	0	0	2	2	2
1	0	1	2	1	1	1	1	0	1	0	1	1	1	1	1	1	1	1	1
2	0	2	0	2	0	0	2	0	2	0	0	1	2	0	0	0	2	2	2
2	0	2	0	2	0	0	2	0	2	0	0	1	2	0	0	0	2	2	2
2	0	2	0	2	0	0	2	0	2	0	0	0	2	0	0	0	2	2	2
2	0	2	0	2	0	0	2	0	2	0	0	1	2	0	0	0	2	2	2
2	0	2	0	2	0	0	2	0	2	0	0	2	2	0	0	0	2	2	2
2	0	1	1	1	1	1	2	0	2	1	1	2	1	1	1	1	1	2	1
1	0	1	1	1	1	1	1	0	1	0	1	1	1	1	1	1	1	1	1
2	0	2	0	2	0	0	2	0	2	0	0	2	2	0	0	0	2	2	2
2	0	2	0	2	0	0	2	0	2	0	0	2	2	0	0	0	2	2	2
1	1	2	1	2	1	1	2	1	2	1	1	2	1	1	1	1	1	1	1
2	0	2	0	2	0	0	2	0	2	0	0	2	2	0	0	0	2	2	2
2	0	2	0	2	0	0	2	0	2	0	0	2	2	0	0	0	2	2	2
2	0	2	0	2	0	0	2	0	2	0	0	2	2	0	0	0	2	2	2
2	0	2	0	2	0	0	2	0	2	0	0	1	2	0	0	0	2	1	1
1	1	2	1	2	1	1	2	1	2	1	2	2	1	1	1	1	1	1	1
2	0	2	0	2	0	0	2	0	2	0	0	2	2	0	0	0	2	2	2
2	0	2	0	2	0	0	2	0	2	0	0	1	2	0	0	0	2	2	2
2	0	2	0	2	0	0	2	0	2	0	0	2	2	0	0	0	2	2	2
2	0	1	1	1	1	1	2	0	2	1	1	2	0	2	2	2	0	1	0
2	0	1	1	1	1	1	1	0	1	0	1	2	2	0	0	0	2	2	2
1	0	2	0	2	0	0	2	0	2	0	0	2	2	0	0	0	2	2	2
2	0	2	0	2	0	0	2	0	2	0	0	2	2	0	0	0	2	2	2
2	0	2	0	2	0	0	2	0	2	0	0	1	2	0	0	0	2	2	2
2	0	2	0	2	0	0	2	0	2	0	0	2	1	1	1	1	1	1	1
2	0	2	0	2	0	0	2	0	2	0	0	2	2	0	0	0	2	2	2
2	0	2	0	2	0	0	2	0	2	0	0	0	2	0	0	0	2	2	2
1	0	1	1	1	1	1	1	0	1	0	1	2	1	1	1	1	1	1	1
1	1	2	1	2	1	0	1	0	1	0	1	1	1	1	1	1	1	1	1
2	0	2	0	2	0	0	2	0	2	0	0	2	2	0	0	0	2	2	2
1	0	1	1	1	1	1	1	0	1	0	1	1	2	0	1	1	1	1	1
2	0	2	0	2	0	0	2	0	2	0	0	2	2	0	0	0	2	2	2
2	0	2	0	2	0	0	2	0	2	0	0	1	2	0	0	0	2	2	2
0	2	2	2	2	2	2	2	2	2	2	2	1	0	2	2	2	0	0	0
2	1	2	1	2	1	1	2	1	2	1	1	1	2	0	0	0	2	2	2
2	0	2	0	2	0	0	2	0	2	0	0	2	2	0	0	0	2	2	2
2	0	1	1	1	1	1	2	0	2	1	1	2	0	2	2	2	0	1	0
2	0	2	0	2	0	0	2	0	2	0	0	0	2	0	0	0	2	2	2
2	0	2	0	2	0	0	2	0	2	0	0	2	2	0	0	0	2	2	2
1	0	1	1	1	1	1	1	0	1	0	1	2	1	1	1	1	1	1	1
2	0	2	0	2	0	0	2	0	2	0	0	1	2	0	1	1	1	1	1
2	0	2	0	2	0	0	2	0	2	0	0	2	1	1	1	1	1	1	1
1	0	1	1	1	1	1	1	0	1	0	1	1	1	1	1	1	1	1	1
2	0	2	0	2	0	0	2	0	2	0	1	2	1	1	1	1	1	1	1
2	0	2	0	2	0	0	2	0	2	0	0	2	2	0	1	1	1	2	1
2	0	2	0	2	0	0	2	0	2	0	0	1	2	0	0	0	2	2	2
0	1	1	2	1	2	2	1	1	1	1	2	0	1	1	1	1	1	1	1
2	0	2	0	2	0	0	2	0	2	0	0	2	2	0	0	0	2	2	2
2	0	2	0	2	0	0	2	0	2	0	0	2	2	0	0	0	2	2	2
2	0	2	0	2	0	0	2	0	2	0	0	1	2	0	0	0	2	2	2
0	0	0	1	1	1	1	2	0	2	1	1	2	2	0	0	0	2	2	2
2	0	2	0	2	0	0	2	0	2	0	0	1	2	0	0	0	2	2	2
2	0	2	0	2	0	0	2	0	2	0	0	1	2	0	0	0	2	2	2
2	0	2	0	2	0	0	2	0	2	0	0	1	2	0	0	0	2	2	2
2	0	2	0	2	0	0	2	0	2	0	0	2	2	0	0	0	2	2	2
2	0	2	0	2	0	0	2	0	2	0	0	2	2	0	0	0	2	2	2
1	0	1	1	1	1	1	1	0	1	0	1	1	1	1	1	1	1	1	1
1	1	2	1	2	1	1	2	1	2	1	1	1	2	0	1	1	1	1	1
2	0	2	0	2	0	0	2	0	2	0	0	2	2	0	0	0	2	2	2
2	0	2	0	2	0	0	2	0	2	0	0	2	2	0	0	0	2	2	2
2	0	2	0	2	0	0	2	0	2	0	0	2	2	0	0	0	2	2	2
1	0	1	1	1	1	1	1	0	1	0	1	1	1	1	1	1	1	1	1
2	0	2	0	2	0	0	2	0	2	0	0	0	2	0	0	0	2	2	2
2	0	2	0	2	0	0	2	0	2	0	0	2	2	0	1	1	1	1	1
2	0	2	0	2	0	0	2	0	2	0	0	2	2	0	0	0	2	2	2
2	0	2	0	2	0	0	2	0	2	0	0	1	2	0	0	0	2	2	2
2	0	2	0	2	0	0	2	0	2	0	0	2	2	0	0	0	2	2	2
2	0	2	0	2	0	0	2	0	2	0	0	2	1	1	1	1	1	2	1
2	0	2	0	2	0	0	2	0	2	0	0	0	2	0	0	0	2	2	2
2	0	2	0	2	0	0	2	0	2	0	0	1	2	0	0	0	2	2	2
1	1	2	1	2	1	1	2	1	2	1	1	1	2	0	0	0	2	2	2
2	0	2	0	2	0	0	2	0	2	0	0	2	2	0	0	0	2	2	2
2	0	2	0	2	0	0	2	0	2	0	0	1	2	0	0	0	2	2	2
2	0	2	0	2	0	0	2	0	2	0	0	1	2	0	0	0	2	2	2
2	1	2	1	2	1	1	2	1	2	1	1	1	2	0	0	0	2	2	2
2	0	2	0	2	0	0	1	0	1	0	0	2	2	0	0	0	2	2	2
2	0	1	1	1	1	1	1	0	1	0	1	2	2	0	0	0	2	2	2
2	0	2	0	2	0	0	2	0	2	0	0	1	2	0	0	0	2	2	2
2	0	2	0	2	0	0	2	0	2	0	0	2	2	0	0	0	2	2	2
1	1	2	1	2	1	1	2	1	2	1	1	1	2	0	0	0	2	2	2
1	0	2	0	2	0	0	2	0	2	0	0	2	2	0	0	0	2	2	2
2	0	2	0	2	0	0	2	0	2	0	0	2	2	0	0	0	2	2	2
1	1	2	1	2	1	1	2	1	2	1	1	2	1	1	1	1	1	1	1
1	0	1	1	1	1	1	1	0	1	0	1	2	1	1	1	1	1	1	1
2	0	2	0	2	0	0	2	0	2	0	0	2	2	0	0	0	2	2	2
2	0	2	0	2	0	0	2	0	2	0	0	1	2	0	0	0	2	2	2
1	1	1	2	1	2	2	1	1	1	1	2	1	2	0	0	0	2	2	2
2	0	2	0	2	0	0	2	0	2	0	0	1	2	0	0	0	2	2	2
1	1	2	1	2	1	1	2	1	2	1	1	0	1	1	1	1	1	1	1
2	0	2	0	2	0	0	2	0	2	0	0	0	2	0	0	0	2	2	2
2	0	2	0	2	0	0	2	0	2	0	0	2	2	0	0	0	2	2	2
2	0	2	0	2	0	0	2	0	2	0	0	1	1	1	1	1	1	1	1
0	2	2	2	2	2	2	2	2	2	2	2	2	0	2	2	2	0	0	0
1	1	2	1	2	1	1	2	1	2	1	1	2	1	1	1	1	1	1	1
2	0	2	0	2	0	0	2	0	2	0	0	2	2	0	0	0	2	2	2
1	1	2	1	2	1	1	2	1	2	1	1	0	2	0	0	0	2	2	2
2	0	2	0	2	0	0	1	0	1	0	0	2	2	0	0	0	2	2	2
2	0	2	0	2	0	0	2	0	2	0	0	1	2	0	0	0	2	2	2
2	0	2	0	2	0	0	2	0	2	0	0	0	2	0	0	0	2	2	2
2	0	2	0	2	0	0	2	0	2	0	0	2	2	0	0	0	2	2	2
2	0	2	0	2	0	0	2	0	2	0	1	2	1	1	1	1	1	1	1
2	0	1	1	1	1	1	1	0	1	0	1	2	2	0	0	0	2	2	2
2	0	2	0	2	0	0	2	0	2	0	0	2	2	0	0	0	2	2	2
1	0	1	1	1	1	1	1	0	1	0	1	1	0	2	2	2	0	0	0
1	1	2	1	2	1	1	2	1	2	1	1	1	2	0	0	0	2	2	2
0	1	1	2	1	2	2	1	1	1	1	2	1	1	1	1	1	1	1	1
2	0	2	0	2	0	0	2	0	2	0	0	1	2	0	0	0	2	2	2
1	1	2	1	2	1	1	2	1	2	1	1	1	1	1	1	1	1	1	1
2	0	2	0	2	0	0	2	0	2	0	0	2	2	0	0	0	2	2	2
1	1	2	1	2	1	1	2	1	2	1	1	2	1	1	2	2	0	1	0
2	0	2	0	2	0	0	2	0	2	0	0	2	2	0	0	0	2	2	2
1	0	1	1	1	1	1	1	0	1	0	1	2	1	1	1	1	1	1	1
2	0	2	0	2	0	0	2	0	2	0	0	0	1	1	1	1	1	1	1
2	0	2	0	2	0	0	2	0	2	0	0	2	2	0	0	0	2	2	2
1	1	2	1	2	1	1	2	1	2	1	1	2	1	1	1	1	1	1	1
2	0	2	0	2	0	0	2	0	2	0	0	1	2	0	0	0	2	2	2
1	0	1	1	1	1	1	1	0	1	0	1	2	1	1	1	1	1	1	1
2	0	2	1	2	0	0	2	0	2	0	0	2	2	0	0	0	2	2	2
2	0	2	0	2	0	0	2	0	2	0	0	1	2	0	0	0	2	2	2
1	1	2	2	2	1	1	2	1	2	1	1	2	1	1	1	1	1	1	1
2	0	2	0	2	0	0	2	0	2	0	0	1	2	0	0	0	2	2	2
2	0	2	0	2	0	0	2	0	2	0	0	2	2	0	0	0	2	2	2
2	0	2	0	2	0	0	2	0	2	0	0	1	2	0	0	0	2	2	2
1	1	2	1	2	1	1	2	1	2	1	1	1	1	1	1	1	1	1	1
2	0	2	0	2	0	0	2	0	2	0	0	1	2	0	0	0	2	2	2
2	0	2	0	2	0	0	2	0	2	0	0	1	2	0	0	0	2	2	2
2	0	2	0	2	0	0	2	0	2	0	0	2	2	0	1	1	1	2	1
2	0	2	0	2	0	0	2	0	2	0	0	2	2	0	0	0	2	2	2
1	0	1	1	1	1	1	1	0	1	0	1	1	1	1	2	2	0	0	0
2	0	2	0	2	0	0	1	0	1	0	1	2	1	1	1	1	1	1	1
1	1	2	1	2	1	1	2	1	2	1	1	1	2	0	1	1	1	1	1
2	0	2	0	2	0	0	1	0	1	0	0	2	2	0	0	0	2	2	2
2	0	2	0	2	0	0	2	0	2	0	0	2	2	0	0	0	2	2	2
2	0	2	0	2	0	0	2	0	2	0	0	2	2	0	0	0	2	2	2
2	0	2	0	2	0	0	2	0	2	0	0	2	2	0	0	0	2	2	2
2	0	2	0	2	0	0	2	0	2	0	0	1	2	0	0	0	2	2	2
1	0	1	1	1	1	1	1	0	1	0	1	2	1	1	1	1	1	1	1
1	0	1	1	1	1	1	2	0	2	1	1	2	1	1	1	1	1	2	1
2	0	2	0	2	0	0	2	0	2	0	0	0	2	0	0	1	1	1	1
0	0	0	2	0	2	2	0	0	0	0	2	2	0	2	2	2	0	0	0
1	0	1	1	1	1	1	0	0	0	0	1	2	1	1	1	1	1	1	1
2	0	2	0	2	0	0	2	0	2	0	0	1	2	0	0	0	2	2	2
1	0	1	1	1	1	1	1	0	1	0	1	1	1	1	1	1	1	1	1
2	0	2	0	2	0	0	2	0	2	0	0	2	2	0	1	1	1	1	1
1	0	0	2	0	2	2	1	0	1	1	2	2	0	2	2	2	0	1	0
1	1	2	1	2	1	1	2	1	2	1	1	1	1	1	1	1	1	1	1
1	0	0	2	0	2	2	0	0	0	0	2	2	1	1	1	1	1	1	1
2	0	2	0	2	0	0	2	0	2	0	0	2	2	0	0	0	2	2	2
1	0	1	1	1	1	1	1	0	1	0	1	2	1	1	1	1	1	1	1
2	0	2	0	2	0	0	2	0	2	0	0	1	2	0	0	0	2	2	2
2	0	1	1	1	1	1	1	0	1	0	1	2	1	1	0	0	2	2	2
2	0	2	0	2	0	0	2	0	2	0	0	0	2	0	0	0	2	2	2
2	0	2	0	2	0	0	2	0	2	0	0	0	2	0	0	0	2	2	2
1	0	1	1	1	1	1	1	0	1	0	1	1	1	1	1	1	1	1	1
2	0	2	0	2	0	0	2	0	2	0	0	2	2	0	0	0	2	2	2
2	0	2	0	2	0	0	2	0	2	0	0	1	2	0	0	0	2	2	2
2	0	2	0	2	0	0	2	0	2	0	0	2	2	0	0	0	2	2	2
2	0	2	0	2	0	0	2	0	2	0	0	0	2	0	0	0	2	2	2
2	0	2	0	2	0	0	2	0	2	0	0	0	2	0	0	0	2	2	2
1	1	2	1	2	1	1	2	1	2	1	1	1	2	0	0	0	2	2	2
1	1	2	1	2	1	1	2	1	2	1	1	2	1	1	1	1	1	1	1
1	1	2	1	2	1	1	2	1	2	1	1	1	1	1	1	1	1	1	1
2	0	2	0	2	0	0	2	0	2	0	0	1	2	0	0	0	2	2	2
1	0	1	1	1	1	1	1	0	1	0	1	2	1	1	1	1	1	1	1
1	1	2	1	2	1	1	2	1	2	1	1	2	0	2	1	1	1	1	1
2	0	2	0	2	0	0	2	0	2	0	0	1	2	0	0	0	2	2	2
1	1	1	1	1	1	1	1	0	1	0	1	1	1	1	1	1	1	1	1
2	0	2	0	2	0	0	2	0	2	0	0	2	2	0	0	0	2	2	2
2	0	2	0	2	0	0	2	0	2	0	0	1	2	0	0	0	2	2	2
0	2	2	2	2	2	2	2	2	2	2	2	1	1	1	1	1	1	1	1
2	0	2	0	2	0	0	2	0	2	0	0	0	2	0	0	0	2	2	2
2	0	2	0	2	0	0	2	0	2	0	0	2	2	0	0	0	2	2	2
2	0	2	0	2	0	0	2	0	2	0	0	2	2	0	0	0	2	2	2
2	0	1	1	1	1	1	1	0	1	0	1	2	1	1	1	1	1	1	1
2	0	2	0	2	0	0	2	0	2	0	0	2	1	1	2	2	0	0	0
2	0	2	0	2	0	0	2	0	2	0	0	2	2	0	1	1	1	1	1
2	0	2	0	2	0	0	2	0	2	0	0	0	2	0	0	0	2	2	2
1	1	2	1	2	1	1	2	1	2	1	1	2	1	1	1	1	1	1	1
2	0	2	0	2	0	0	2	0	2	0	0	2	2	0	2	2	0	0	0
2	0	2	0	2	0	0	2	0	2	0	0	2	2	0	1	1	1	1	1
2	0	2	0	2	0	0	2	0	2	0	0	2	1	1	1	1	1	1	1
1	0	1	1	1	1	1	1	0	1	0	1	1	1	1	1	1	1	1	1
1	0	1	1	1	1	1	1	0	1	0	1	2	2	0	0	0	2	2	2
1	0	2	0	2	0	0	2	0	2	0	0	1	2	0	0	0	2	2	2
2	0	2	0	2	0	0	2	0	2	0	0	2	2	0	0	0	2	2	2
2	0	2	0	2	0	0	2	0	2	0	0	1	2	0	0	0	2	2	2
2	0	2	0	2	0	0	1	0	2	0	0	0	2	0	0	0	2	2	2
2	0	2	0	2	0	0	2	0	2	0	0	2	2	0	0	0	2	2	2
1	1	1	1	1	1	1	1	0	1	0	1	2	1	1	1	1	1	1	1
2	0	2	0	2	0	0	2	0	2	0	0	2	2	0	0	0	2	2	2
1	0	1	1	1	1	1	1	0	1	0	1	2	1	1	2	2	0	0	0
2	0	2	0	2	0	0	1	0	2	0	0	1	2	0	0	0	2	2	2
2	0	2	0	2	0	0	2	0	2	0	0	2	2	0	0	0	2	2	2
2	0	2	0	2	0	0	2	0	2	0	0	1	2	0	1	1	1	1	1
1	0	1	1	1	1	1	1	0	1	0	1	1	1	1	1	1	1	1	1
1	0	1	1	1	1	1	1	0	1	0	1	1	1	1	1	1	1	1	1
2	0	2	0	2	0	0	2	0	2	0	0	0	2	0	0	0	2	2	2
2	0	2	0	2	0	0	2	0	2	0	0	2	2	0	1	1	1	1	1
0	1	1	2	1	2	2	1	1	1	1	2	1	1	1	1	1	1	1	1
2	0	2	0	2	0	0	2	0	2	0	0	0	2	0	0	0	2	2	2
2	0	2	0	2	0	0	2	0	2	0	0	2	2	0	0	1	1	1	1
1	1	2	1	2	1	1	2	1	2	1	1	1	2	0	1	1	1	1	1
1	1	2	1	2	1	1	2	1	2	1	1	2	1	1	1	1	1	1	1
1	0	1	1	1	1	1	1	0	1	0	1	2	1	1	1	1	1	1	1
1	0	1	1	1	1	1	1	0	1	0	1	1	1	1	1	1	1	1	1
2	0	2	0	2	0	0	2	0	2	0	0	1	2	0	1	1	1	1	1
2	0	2	0	2	0	0	2	0	2	0	0	1	1	1	1	1	1	1	1
2	0	2	0	2	0	0	2	0	2	0	0	1	2	0	0	0	2	2	2
2	0	2	0	2	0	0	2	0	2	0	0	1	2	0	0	0	2	2	2
2	0	2	0	2	0	0	2	0	2	0	0	2	2	0	0	0	2	2	2
2	0	1	1	1	1	1	1	0	1	0	1	1	1	1	1	1	1	1	1
2	0	1	1	2	1	1	2	0	2	1	1	2	2	0	0	0	2	2	2
2	0	2	0	2	0	0	2	0	2	0	0	1	2	0	0	0	2	2	2
1	0	1	1	1	1	1	1	0	1	0	1	1	1	1	1	1	1	1	1
2	0	2	0	2	0	0	2	0	2	0	0	2	2	0	0	0	2	2	2
2	0	2	0	2	0	0	2	0	2	0	0	2	2	0	0	0	2	2	2
1	0	2	0	2	0	0	2	0	2	0	0	2	2	0	1	1	1	1	1
1	0	1	1	1	1	1	1	0	1	0	1	2	1	1	1	1	1	1	1
2	0	2	0	2	0	0	2	0	2	0	1	1	2	0	0	0	2	2	2
2	0	2	0	2	0	0	2	0	2	0	0	1	2	0	0	0	2	2	2
1	0	1	1	1	1	1	1	0	1	0	1	2	1	1	1	1	1	1	1
2	0	2	0	2	0	0	2	0	2	0	0	2	2	0	0	0	2	2	2
1	0	1	1	1	1	1	1	0	1	0	1	1	1	1	1	1	1	1	1
2	0	2	0	2	0	0	2	0	2	0	0	1	2	0	1	1	1	1	1
2	0	2	0	2	0	0	2	0	2	0	0	1	2	0	0	0	2	2	2
2	0	2	0	2	0	0	2	0	2	0	0	2	1	1	2	2	0	1	0
2	0	2	0	2	0	0	2	0	2	0	0	2	2	0	1	1	1	1	1
2	0	2	0	2	0	0	2	0	2	0	0	2	2	0	0	0	2	2	2
2	0	2	0	2	0	0	2	0	2	0	0	1	2	0	0	0	2	2	2
1	1	2	1	2	1	1	2	1	2	1	1	1	1	1	1	1	1	1	1
2	0	2	0	2	0	0	2	0	2	0	0	2	2	0	0	0	2	2	2
2	0	1	1	1	1	1	2	0	2	1	1	1	1	1	1	1	1	2	1
1	1	2	1	2	1	1	2	1	2	1	1	0	1	1	1	1	1	1	1
2	0	2	0	2	0	0	2	0	2	0	0	1	2	0	0	0	2	2	2
1	1	2	1	2	1	1	2	1	2	1	1	1	2	0	0	0	2	2	2
2	0	2	0	2	0	0	2	0	2	0	0	2	2	0	0	0	2	2	2
2	0	2	0	2	0	0	2	0	2	0	0	2	2	0	0	0	2	2	2
2	0	2	0	2	0	0	2	0	2	0	0	1	2	0	0	0	2	2	2
1	0	1	1	1	1	1	1	0	1	0	1	1	1	1	1	1	1	1	1
1	0	1	1	1	1	1	1	0	1	0	1	1	1	1	1	1	1	1	1
2	0	2	0	2	0	0	2	0	2	0	0	2	1	1	1	1	1	2	1
1	1	2	1	2	1	1	2	1	2	1	1	1	1	1	1	1	1	1	1
1	0	1	1	1	1	1	1	0	1	0	1	2	1	1	1	1	1	1	1
2	0	2	0	2	0	0	2	0	2	0	0	0	2	0	0	0	2	2	2
0	1	1	2	1	2	2	1	1	1	1	2	1	2	0	1	1	1	1	1
2	0	2	0	2	0	0	2	0	2	0	0	2	2	0	0	0	2	2	2
2	0	2	0	2	0	0	2	0	2	0	0	1	1	1	1	1	1	1	1
2	0	2	0	2	0	0	2	0	2	0	0	2	2	0	0	0	2	2	2
2	0	2	0	2	0	0	2	0	2	0	0	0	2	0	0	0	2	2	2
2	0	2	0	2	0	0	2	0	2	0	0	2	2	0	0	0	2	2	2
1	0	1	1	1	1	1	1	0	1	0	1	2	1	1	1	1	1	1	1
1	0	1	1	1	1	1	1	0	1	0	1	1	1	1	1	1	1	1	1
2	0	1	1	2	1	1	2	1	2	1	1	2	0	2	2	2	0	1	0
1	1	2	1	2	1	1	2	1	2	1	1	0	1	1	1	1	1	1	1
2	0	2	0	2	0	0	2	0	2	0	0	2	1	1	1	1	1	1	1
2	0	2	0	2	0	0	2	0	2	0	0	2	2	0	0	0	2	2	2
2	0	2	0	2	0	0	2	0	2	0	0	2	2	0	0	0	2	2	2
1	0	1	1	1	1	1	1	0	1	0	1	2	1	1	1	1	1	1	1
1	0	1	1	1	1	1	1	0	1	0	1	2	1	1	1	1	1	1	1
2	0	2	0	2	0	0	2	0	2	0	0	1	2	0	0	0	2	2	2
2	0	2	0	2	0	0	2	0	2	0	0	0	2	0	0	0	2	2	2
2	0	1	1	1	1	1	2	0	2	1	1	1	1	1	1	1	1	2	1
1	0	1	1	1	1	1	1	0	1	0	1	2	1	1	1	1	1	1	1
1	1	2	1	2	1	1	2	1	2	1	1	1	1	1	1	1	1	1	1
1	0	1	1	1	1	1	1	0	1	0	1	2	1	1	1	1	1	1	1
2	0	2	0	2	0	0	2	0	2	0	0	1	2	0	0	0	2	2	2
1	0	1	1	1	1	1	1	0	1	0	1	1	1	1	1	1	1	1	1
2	0	1	1	1	1	1	2	0	2	1	1	2	2	0	0	0	2	2	2
1	0	1	1	1	1	1	1	0	1	0	1	2	1	1	1	1	1	1	1
2	0	2	0	2	0	0	2	0	2	0	0	2	2	0	0	0	2	2	2
2	0	2	0	2	0	0	2	0	2	0	0	1	2	0	0	0	2	2	2
2	0	2	0	2	0	0	2	0	2	0	0	2	2	0	0	0	2	2	2
2	0	2	0	2	0	0	2	0	2	0	0	2	2	0	0	0	2	2	2
1	0	1	2	0	2	2	0	0	0	0	2	2	0	2	2	2	0	0	0
2	0	2	0	2	0	0	2	0	2	0	0	1	2	0	0	0	2	2	2
1	1	2	1	2	1	1	2	1	2	1	1	1	1	1	1	1	1	1	1
2	0	2	0	2	0	0	2	0	2	0	0	1	2	0	0	0	2	2	2
1	0	1	1	1	1	1	2	1	2	1	1	1	1	1	1	1	1	1	1
1	0	2	0	2	0	0	2	0	2	0	0	2	2	0	0	0	2	2	2
2	0	2	0	2	0	0	2	0	2	0	0	2	2	0	0	0	2	2	2
2	0	2	0	2	0	0	2	0	2	0	0	1	2	0	0	0	2	2	2
2	0	1	1	1	1	1	2	0	2	1	1	2	2	0	0	0	2	2	2
2	0	2	0	2	0	0	2	0	2	0	0	1	1	1	1	1	1	1	1
0	1	1	2	1	2	2	1	1	1	1	2	1	0	2	2	2	0	0	0
2	0	2	0	2	0	0	2	0	2	0	0	2	2	0	0	0	2	2	2
2	0	2	0	2	0	0	2	0	2	0	0	1	2	0	0	0	2	2	2
2	0	2	0	2	0	0	2	0	2	0	0	2	2	0	0	0	2	2	2
2	0	2	0	2	0	0	2	0	2	0	0	2	2	0	0	0	2	2	2
1	0	1	1	1	1	1	1	0	1	0	1	2	1	1	1	1	1	1	1
2	0	2	0	2	0	0	2	0	2	0	0	2	2	0	0	0	2	2	2
2	0	2	0	2	0	0	2	0	2	0	0	1	2	0	0	0	2	2	2
2	0	2	0	2	0	0	2	0	2	0	0	2	2	0	0	0	2	2	2
1	0	1	0	2	0	0	1	0	1	0	1	2	2	0	0	0	2	2	2
1	1	2	1	2	1	1	2	1	2	1	1	2	1	1	1	1	1	1	1
1	0	1	1	1	1	1	1	0	1	0	1	2	1	1	1	1	1	1	1
1	0	1	1	1	1	1	1	0	1	0	1	2	1	1	2	2	0	1	0
2	0	2	0	2	0	0	2	0	2	0	0	1	2	0	0	0	2	2	2
2	0	2	0	2	0	0	2	0	2	0	0	1	2	0	0	0	2	2	2
2	0	2	0	2	0	0	2	0	2	0	0	2	2	0	0	0	2	2	2
1	1	1	2	1	2	2	2	1	2	2	2	1	0	2	2	2	0	1	0
2	0	2	0	2	0	0	2	0	2	0	0	1	1	1	1	1	1	1	1
1	1	2	1	2	1	1	2	1	2	1	1	2	1	1	1	1	1	1	1
2	0	2	0	2	0	0	2	0	2	0	0	2	2	0	0	0	2	2	2
2	0	2	1	2	1	0	2	0	2	0	1	2	2	0	0	0	2	2	2
2	0	2	0	2	0	0	2	0	2	0	0	1	2	0	0	0	2	2	2
2	0	2	0	2	0	0	2	0	2	0	0	2	2	0	0	0	2	2	2
2	0	2	0	2	0	0	2	0	2	0	0	2	2	0	0	0	2	2	2
2	0	2	0	2	0	0	2	0	2	0	0	2	2	0	0	0	2	2	2
2	0	2	0	2	0	0	2	0	2	0	0	1	2	0	0	0	2	2	2
